0.0     0       63.4033041563
10.0    0       63.3876959364
20.0    0       63.3225530601
30.0    0       63.3403766871
40.0    0       63.3874846011
50.0    0       63.3243446514
60.0    33.4081390425   65.1510601596
70.0    33.4615572233   63.9152339133
80.0    33.51149551     63.9907941423
90.0    33.4943532092   64.0082786111
100.0   33.480874732    63.9593855153
110.0   33.4445066327   63.9017936508
120.0   0       63.2609645966
130.0   0       63.3205911655
140.0   0       63.3432470746
150.0   0       63.3874489107
160.0   0       63.3223827568
170.0   0       63.3396056888
180.0   0       0

