0.0     0       63.9889473684
10.0    0       64.1568392581
20.0    0       63.9258876762
30.0    0       64.1337925873
40.0    0       63.9351920693
50.0    0       64.0134864782
60.0    34.2443225937   65.5624355484
70.0    34.2969006569   64.8474458172
80.0    34.1187926045   64.6939431193
90.0    34.3070273385   64.9096858257
100.0   34.1514707222   64.6840802292
110.0   34.3088882487   64.9230039216
120.0   0       63.852153735
130.0   0       63.9318378407
140.0   0       64.0586893283
150.0   0       63.9704803911
160.0   0       63.961498516
170.0   0       64.0916236352
180.0   0       0
