0.0     0       63.8686191117
10.0    0       63.9796551089
20.0    0       64.0745411765
30.0    0       63.9212428938
40.0    0       64.1496696134
50.0    0       63.8924654995
60.0    33.5244976469   66.2295049848
70.0    33.7127497991   65.0613597672
80.0    33.8426283838   65.2396612141
90.0    33.6547897415   65.1935603083
100.0   33.6724023035   65.0905069627
110.0   33.6707026918   65.0406272255
120.0   0       63.8697293174
130.0   0       63.9299664899
140.0   0       64.1054213529
150.0   0       63.9372415863
160.0   0       64.0063143703
170.0   0       64.0420197171
180.0   0       0